0.356979000000000
0.356968605940824
0.356937434020977
0.356885515003382
0.356812900125839
0.356719661050466
0.356605889792975
0.356471698631859
0.356317219997594
0.356142606341942
0.355948029987499
0.355733682957636
0.355499776786993
0.355246542312720
0.354974229446671
0.354683106928766
0.354373462061784
0.354045600427825
0.353699845586737
0.353336538756807
0.352956038478011
0.352558720258188
0.352144976202451
0.351715214626231
0.351269859652318
0.350809350792304
0.350334142512835
0.349844703787110
0.349341517632061
0.348825080631673
0.348295902446915
0.347754505312766
0.347201423522835
0.346637202902074
0.346062400268116
0.345477582881764
0.344883327887172
0.344280221742276
0.343668859640026
0.343049844921007
0.342423788478011
0.341791308153163
0.341153028128184
0.340509578308397
0.339861593701091
0.339209713788840
0.338554581898415
0.337896844565898
0.337237150898625
0.336576151934601
0.335914500000000
0.335252848065399
0.334591849101375
0.333932155434102
0.333274418101585
0.332619286211160
0.331967406298909
0.331319421691603
0.330675971871816
0.330037691846837
0.329405211521989
0.328779155078993
0.328160140359974
0.327548778257724
0.326945672112828
0.326351417118236
0.325766599731884
0.325191797097926
0.324627576477165
0.324074494687234
0.323533097553085
0.323003919368327
0.322487482367939
0.321984296212890
0.321494857487165
0.321019649207696
0.320559140347682
0.320113785373769
0.319684023797549
0.319270279741812
0.318872961521989
0.318492461243194
0.318129154413263
0.317783399572175
0.317455537938216
0.317145893071234
0.316854770553330
0.316582457687280
0.316329223213007
0.316095317042364
0.315880970012501
0.315686393658058
0.315511780002406
0.315357301368141
0.315223110207026
0.315109338949534
0.315016099874161
0.314943484996618
0.314891565979023
0.314860394059176
0.314850000000000