0.212725000000000
0.212533290560333
0.211958351435403
0.211000750020713
0.209661431353246
0.207941717178831
0.205843304647733
0.203368264639775
0.200519039720632
0.197298441731306
0.193709649013186
0.189756203271404
0.185442006079603
0.180771315029550
0.175748739529414
0.170379236254830
0.164668104257262
0.158620979734478
0.152243830468304
0.145542949935143
0.138524951095074
0.131196759865660
0.123565608286900
0.115639027384082
0.107424839735571
0.0989311517528633
0.0901663456805434
0.0811390713240166
0.0718582375131968
0.0623330033105667
0.0525727689722886
0.0425871666712873
0.0323860509914573
0.0219794892023791
0.0113777513241390
0.000591299992059632
-0.0103692198686585
-0.0214929915481923
-0.0327690372268833
-0.0441862288090203
-0.0557332989049257
-0.0673988519505097
-0.0791713754533156
-0.0910392513539601
-0.102990767491755
-0.115014129163197
-0.127097470761914
-0.139228867488587
-0.151396347119289
-0.163587901820622
-0.175791500000000
-0.187995098179378
-0.200186652880710
-0.212354132511413
-0.224485529238086
-0.236568870836803
-0.248592232508245
-0.260543748646040
-0.272411624546684
-0.284184148049490
-0.295849701095074
-0.307396771190980
-0.318813962773117
-0.330090008451808
-0.341213780131342
-0.352174299992060
-0.362960751324139
-0.373562489202379
-0.383969050991457
-0.394170166671287
-0.404155768972288
-0.413916003310566
-0.423441237513197
-0.432722071324016
-0.441749345680543
-0.450514151752863
-0.459007839735571
-0.467222027384082
-0.475148608286900
-0.482779759865660
-0.490107951095074
-0.497125949935143
-0.503826830468304
-0.510203979734478
-0.516251104257262
-0.521962236254830
-0.527331739529414
-0.532354315029550
-0.537025006079603
-0.541339203271404
-0.545292649013186
-0.548881441731306
-0.552102039720632
-0.554951264639775
-0.557426304647733
-0.559524717178831
-0.561244431353246
-0.562583750020713
-0.563541351435403
-0.564116290560333
-0.564308000000000