0.578039000000000
0.578005556388628
0.577905258559319
0.577738205493921
0.577504562053641
0.577204558816346
0.576838491849013
0.576406722415542
0.575909676620235
0.575347844987283
0.574721781976678
0.574032105437026
0.573279495995805
0.572464696387670
0.571588510721463
0.570651803686653
0.569655499699993
0.568600581993233
0.567488091642787
0.566319126542320
0.565094840319254
0.563816441196281
0.562485190798993
0.561102402910809
0.559669442176427
0.558187722755090
0.556658706924976
0.555083903640109
0.553464867041202
0.551803194921911
0.550100527152001
0.548358544058995
0.546578964769894
0.544763545514605
0.542914077892755
0.541032387105597
0.539120330154760
0.537179794009608
0.535212693745033
0.533220970651505
0.531206590319254
0.529171540698468
0.527117830137429
0.525047485400513
0.522962549668020
0.520865080519799
0.518757147904671
0.516640832097632
0.514518221646878
0.512391411312659
0.510262500000000
0.508133588687341
0.506006778353122
0.503884167902368
0.501767852095329
0.499659919480201
0.497562450331981
0.495477514599487
0.493407169862571
0.491353459301532
0.489318409680746
0.487304029348495
0.485312306254967
0.483345205990392
0.481404669845240
0.479492612894403
0.477610922107245
0.475761454485395
0.473946035230106
0.472166455941005
0.470424472847999
0.468721805078089
0.467060132958798
0.465441096359892
0.463866293075024
0.462337277244910
0.460855557823573
0.459422597089191
0.458039809201007
0.456708558803719
0.455430159680746
0.454205873457680
0.453036908357213
0.451924418006767
0.450869500300007
0.449873196313347
0.448936489278537
0.448060303612330
0.447245504004195
0.446492894562974
0.445803218023322
0.445177155012717
0.444615323379765
0.444118277584459
0.443686508150987
0.443320441183654
0.443020437946359
0.442786794506079
0.442619741440681
0.442519443611372
0.442486000000000